0
1
2
3
4
5
6
7
8
9
10
11
12
13
14
15
16
17
18
19
20
21
22
23
24
25
26
27
28
29
30
31
32
33
34
35
36
37
38
39
40
41
42
83
84
125
126
167
168
209
210
251
252
293
294
335
336
377
378
419
420
461
462
503
504
545
546
587
588
629
630
671
672
713
714
755
756
797
798
839
840
881
882
923
924
965
966
1007
1008
1049
1050
1091
1092
1133
1134
1175
1176
1217
1218
1259
1260
1301
1302
1303
1304
1305
1306
1307
1308
1309
1310
1311
1312
1313
1314
1315
1316
1317
1318
1319
1320
1321
1322
1323
1324
1325
1326
1327
1328
1329
1330
1331
1332
1333
1334
1335
1336
1337
1338
1339
1340
1341
1342
1343
1344